44
CM_017_0819.0     0.0000000 0.7337855 0.4745652 0.0000010 0.7758915 0.7446390 0.7446390 0.6259672 0.0377829 0.4822060 0.7760200 0.7163616 0.8260409 0.7944745 1.9327436 1.7274253 1.7963971 1.7274253 1.9741209 1.9741209 1.7320199 1.9327436 1.7963971 1.8894395 1.8884417 1.8526141 2.0936489 2.0936489 1.8829471 1.9644129 1.9619741 1.8829471 1.9619741 2.0446734 2.0446734 5.5143367 5.3116266 5.3420235 5.1314823 4.6779029 8.9999981 5.1066183 4.6051007 7.2595543 
CM_025_0722.0     0.7337855 0.0000000 0.5993000 0.7337855 0.9459211 0.9092617 0.9092617 0.8292869 0.6613795 0.7101607 0.9464544 0.4240374 0.0385102 0.0190333 2.0337402 1.8357124 1.9074580 1.8357124 2.0756204 2.0756204 1.8371171 2.0337402 1.9074580 1.9896490 1.9942652 1.9610926 2.2369604 2.2369604 1.9981545 2.0867789 2.0876080 1.9981545 2.0876080 2.1778213 2.1778213 5.7186613 5.4861123 5.5204387 5.2861213 4.7875714 8.9999987 5.4472307 4.7156415 8.2138671 
CM_029_0819.0     0.4745652 0.5993000 0.0000000 0.4745652 0.7424614 0.7065161 0.7065161 0.5748388 0.4109798 0.4239394 0.7425506 0.7119651 0.6924266 0.6570410 1.9220237 1.6873172 1.7643239 1.6873172 1.9688938 1.9688938 1.6938292 1.9220237 1.7643239 1.8730887 1.8709158 1.8290867 2.1366674 2.1366674 1.8571181 1.9639906 1.9607525 1.8571181 1.9607525 2.0700051 2.0700051 8.9999989 7.4734167 7.6930122 6.6325058 5.3805717 8.9999987 7.0240661 5.2926217 8.9999982 
OW1_H6_CMspring.0 0.0000010 0.7337855 0.4745652 0.0000000 0.7758915 0.7446390 0.7446390 0.6259672 0.0377829 0.4822060 0.7760200 0.7163616 0.8260409 0.7944745 1.9327436 1.7274253 1.7963971 1.7274253 1.9741209 1.9741209 1.7320199 1.9327436 1.7963971 1.8894395 1.8884417 1.8526141 2.0936489 2.0936489 1.8829471 1.9644129 1.9619741 1.8829471 1.9619741 2.0446734 2.0446734 5.5143367 5.3116266 5.3420235 5.1314823 4.6779029 8.9999981 5.1066183 4.6051007 7.2595543 
OW2_A2_CMspring.0 0.7758915 0.9459211 0.7424614 0.7758915 0.0000000 0.0186435 0.0186435 0.1626235 0.7012289 0.2615261 0.0376298 0.8109730 0.8298226 1.0382599 1.9141273 1.7910166 1.7719705 1.7910166 1.9564806 1.9564806 1.7938555 1.9141273 1.7719705 1.8698512 1.8677102 1.8300518 2.0936886 2.0936886 1.9552895 2.0443825 2.0483078 1.9552895 2.0483078 2.1419199 2.1419199 6.4742543 6.0426343 6.1015977 5.7257471 5.0151559 8.9999989 5.9374932 4.9360974 8.9999980 
OW2_A3_CMspring.0 0.7446390 0.9092617 0.7065161 0.7446390 0.0186435 0.0000000 0.0000010 0.1408376 0.6700991 0.2371774 0.0186274 0.7783751 0.7937259 1.0006999 1.9141687 1.7874298 1.7676703 1.7874298 1.9577025 1.9577025 1.7904614 1.9141687 1.7676703 1.8686748 1.8664018 1.8275509 2.0936886 2.0936886 1.9566553 2.0485894 2.0483078 1.9566553 2.0483078 2.1419199 2.1419199 7.3175447 6.5545620 6.6477040 6.0974542 5.1906068 8.9999983 6.3620528 5.1082010 8.9999985 
OW2_A5_CMspring.0 0.7446390 0.9092617 0.7065161 0.7446390 0.0186435 0.0000010 0.0000000 0.1408376 0.6700991 0.2371774 0.0186274 0.7783751 0.7937259 1.0006999 1.9141687 1.7874298 1.7676703 1.7874298 1.9577025 1.9577025 1.7904614 1.9141687 1.7676703 1.8686748 1.8664018 1.8275509 2.0936886 2.0936886 1.9566553 2.0485894 2.0483078 1.9566553 2.0483078 2.1419199 2.1419199 7.3175447 6.5545620 6.6477040 6.0974542 5.1906068 8.9999983 6.3620528 5.1082010 8.9999985 
OW2_A6_CMspring.0 0.6259672 0.8292869 0.5748388 0.6259672 0.1626235 0.1408376 0.1408376 0.0000000 0.5569673 0.0782619 0.1625002 0.6524039 0.9461407 0.9093523 1.8361052 1.6987112 1.6746369 1.6987112 1.8810381 1.8810381 1.7046936 1.8361052 1.6746369 1.7893971 1.7822256 1.7381630 2.0009220 2.0009220 1.8708153 1.9612691 1.9584648 1.8708153 1.9584648 2.0504638 2.0504638 7.6953663 6.7118628 6.8236474 6.1859556 5.2025568 8.9999983 6.0021062 5.1164617 8.9999987 
OW2_A7_CMspring.0 0.0377829 0.6613795 0.4109798 0.0377829 0.7012289 0.6700991 0.6700991 0.5569673 0.0000000 0.4214898 0.7012486 0.6419023 0.7493159 0.7174759 1.8893415 1.6767424 1.7451432 1.6767424 1.9314859 1.9314859 1.6829269 1.8893415 1.7451432 1.8453622 1.8418410 1.8032951 2.0487280 2.0487280 1.8352283 1.9188642 1.9151628 1.8352283 1.9151628 2.0000874 2.0000874 5.5481364 5.3364997 5.3681087 5.1499352 4.6834442 8.9999983 5.1229152 4.6093146 7.4787437 
OW2_B10_CMfall.0  0.4822060 0.7101607 0.4239394 0.4822060 0.2615261 0.2371774 0.2371774 0.0782619 0.4214898 0.0000000 0.2613512 0.6901480 0.8112793 0.7759272 1.9647476 1.7344598 1.8132684 1.7344598 2.0114070 2.0114070 1.7394075 1.9647476 1.8132684 1.9158828 1.9164186 1.8769400 2.1530237 2.1530237 1.9108417 2.0029947 2.0013601 1.9108417 2.0013601 2.0951252 2.0951252 8.9999984 8.9999984 8.9999986 8.9999989 5.9987662 8.9999987 8.7242346 5.8959181 8.9999981 
OW2_B1_CMfall.0   0.7760200 0.9464544 0.7425506 0.7760200 0.0376298 0.0186274 0.0186274 0.1625002 0.7012486 0.2613512 0.0000000 0.8111675 0.8300765 1.0390825 1.9156197 1.7925225 1.7735150 1.7925225 1.9580003 1.9580003 1.7953181 1.9156197 1.7735150 1.8713082 1.8692489 1.8316251 2.0896767 2.0896767 1.9570280 2.0461553 2.0458124 1.9570280 2.0458124 2.1364866 2.1364866 6.4573788 6.0319227 6.0901756 5.7181955 5.0124013 8.9999989 5.9285250 4.9335513 8.9999990 
OW2_C12_CMfall.0  0.7163616 0.4240374 0.7119651 0.7163616 0.8109730 0.7783751 0.7783751 0.6524039 0.6419023 0.6901480 0.8111675 0.0000000 0.5005176 0.4681877 1.8445229 1.7238897 1.7032922 1.7238897 1.8861055 1.8861055 1.7285497 1.8445229 1.7032922 1.8012374 1.7952862 1.7597284 1.9940514 1.9940514 1.8780900 1.9589078 1.9563485 1.8780900 1.9563485 2.0383743 2.0383743 5.2569939 5.0897534 4.9469294 4.9344449 4.4412243 8.1228474 4.7921725 4.4667078 6.4804664 
OW2_C8_CMfall.0   0.8260409 0.0385102 0.6924266 0.8260409 0.8298226 0.7937259 0.7937259 0.9461407 0.7493159 0.8112793 0.8300765 0.5005176 0.0000000 0.0593396 2.1054318 1.9109808 1.9852104 1.9109808 2.1473017 2.1473017 1.9102170 2.1054318 1.9852104 2.0611713 2.0697618 2.0376272 2.3239603 2.3239603 2.0822174 2.1696736 2.1728829 2.0822174 2.1728829 2.2619792 2.2619792 6.0036198 5.7177803 5.7589966 5.4839140 4.9155325 8.9999983 5.6574536 4.8433787 8.9999982 
OW2_D9_CMfall.0   0.7944745 0.0190333 0.6570410 0.7944745 1.0382599 1.0006999 1.0006999 0.9093523 0.7174759 0.7759272 1.0390825 0.4681877 0.0593396 0.0000000 2.1131643 1.9130423 1.9896958 1.9130423 2.1563147 2.1563147 1.9121959 2.1131643 1.9896958 2.0675479 2.0767749 2.0437070 2.3417098 2.3417098 2.0904900 2.1809319 2.1845933 2.0904900 2.1845933 2.2768109 2.2768109 6.5195769 6.0971612 6.1550156 5.7860276 5.0807653 8.9999982 5.9906587 5.0058324 8.9999987 
Sz111.0           1.9327436 2.0337402 1.9220237 1.9327436 1.9141273 1.9141687 1.9141687 1.8361052 1.8893415 1.9647476 1.9156197 1.8445229 2.1054318 2.1131643 0.0000000 0.9123514 0.6290343 0.9123514 0.0188609 0.0188609 0.9456998 0.0000010 0.6290343 0.0797438 0.1427095 0.3872613 1.4932136 1.4932136 1.3881228 1.4778601 1.4622731 1.3881228 1.4622731 1.5541347 1.5541347 4.1535011 4.2627100 4.2767521 4.1734882 3.9593118 4.7096567 4.0591171 3.7628217 4.8512966 
Sz115.0           1.7274253 1.8357124 1.6873172 1.7274253 1.7910166 1.7874298 1.7874298 1.6987112 1.6767424 1.7344598 1.7925225 1.7238897 1.9109808 1.9130423 0.9123514 0.0000000 1.2338438 0.0000010 0.8607333 0.8607333 0.0189568 0.9123514 1.2338438 0.7156755 0.6319187 0.6183217 1.2863120 1.2863120 1.0759768 1.1758736 1.1504393 1.0759768 1.1504393 1.2550952 1.2550952 3.7179313 3.7942124 3.8054926 3.7232805 3.5753708 4.1198597 3.6761606 3.4040985 4.4376278 
Sz120.0           1.7963971 1.9074580 1.7643239 1.7963971 1.7719705 1.7676703 1.7676703 1.6746369 1.7451432 1.8132684 1.7735150 1.7032922 1.9852104 1.9896958 0.6290343 1.2338438 0.0000000 1.2338438 0.6676269 0.6676269 1.2544606 0.6290343 0.0000010 0.7326345 0.6100190 0.4191575 1.4324377 1.4324377 1.3196893 1.4184816 1.3996602 1.3196893 1.3996602 1.5014373 1.5014373 4.2691977 4.3931501 4.4087607 4.2943707 4.0529552 4.9062430 4.1560468 3.8431684 5.0673126 
Sz123.0           1.7274253 1.8357124 1.6873172 1.7274253 1.7910166 1.7874298 1.7874298 1.6987112 1.6767424 1.7344598 1.7925225 1.7238897 1.9109808 1.9130423 0.9123514 0.0000010 1.2338438 0.0000000 0.8607333 0.8607333 0.0189568 0.9123514 1.2338438 0.7156755 0.6319187 0.6183217 1.2863120 1.2863120 1.0759768 1.1758736 1.1504393 1.0759768 1.1504393 1.2550952 1.2550952 3.7179313 3.7942124 3.8054926 3.7232805 3.5753708 4.1198597 3.6761606 3.4040985 4.4376278 
Sz127.0           1.9741209 2.0756204 1.9688938 1.9741209 1.9564806 1.9577025 1.9577025 1.8810381 1.9314859 2.0114070 1.9580003 1.8861055 2.1473017 2.1563147 0.0188609 0.8607333 0.6676269 0.8607333 0.0000000 0.0000010 0.8940944 0.0188609 0.6676269 0.0588167 0.1661912 0.3577587 1.5624798 1.5624798 1.4482710 1.5429696 1.5281993 1.4482710 1.5281993 1.6252147 1.6252147 4.2347152 4.3529331 4.3678989 4.2580621 4.0269697 4.8390056 4.1282007 3.8227792 4.9916836 
Sz137.0           1.9741209 2.0756204 1.9688938 1.9741209 1.9564806 1.9577025 1.9577025 1.8810381 1.9314859 2.0114070 1.9580003 1.8861055 2.1473017 2.1563147 0.0188609 0.8607333 0.6676269 0.8607333 0.0000010 0.0000000 0.8940944 0.0188609 0.6676269 0.0588167 0.1661912 0.3577587 1.5624798 1.5624798 1.4482710 1.5429696 1.5281993 1.4482710 1.5281993 1.6252147 1.6252147 4.2347152 4.3529331 4.3678989 4.2580621 4.0269697 4.8390056 4.1282007 3.8227792 4.9916836 
Sz13.0            1.7320199 1.8371171 1.6938292 1.7320199 1.7938555 1.7904614 1.7904614 1.7046936 1.6829269 1.7394075 1.7953181 1.7285497 1.9102170 1.9121959 0.9456998 0.0189568 1.2544606 0.0189568 0.8940944 0.8940944 0.0000000 0.9456998 1.2544606 0.7481903 0.6658919 0.6513559 1.3082854 1.3082854 1.1016714 1.1994717 1.1751984 1.1016714 1.1751984 1.2772352 1.2772352 3.6547036 3.7243932 3.7349994 3.6579815 3.5228366 4.0239379 3.6209622 3.3594068 4.3148290 
Sz140.0           1.9327436 2.0337402 1.9220237 1.9327436 1.9141273 1.9141687 1.9141687 1.8361052 1.8893415 1.9647476 1.9156197 1.8445229 2.1054318 2.1131643 0.0000010 0.9123514 0.6290343 0.9123514 0.0188609 0.0188609 0.9456998 0.0000000 0.6290343 0.0797438 0.1427095 0.3872613 1.4932136 1.4932136 1.3881228 1.4778601 1.4622731 1.3881228 1.4622731 1.5541347 1.5541347 4.1535011 4.2627100 4.2767521 4.1734882 3.9593118 4.7096567 4.0591171 3.7628217 4.8512966 
Sz141.0           1.7963971 1.9074580 1.7643239 1.7963971 1.7719705 1.7676703 1.7676703 1.6746369 1.7451432 1.8132684 1.7735150 1.7032922 1.9852104 1.9896958 0.6290343 1.2338438 0.0000010 1.2338438 0.6676269 0.6676269 1.2544606 0.6290343 0.0000000 0.7326345 0.6100190 0.4191575 1.4324377 1.4324377 1.3196893 1.4184816 1.3996602 1.3196893 1.3996602 1.5014373 1.5014373 4.2691977 4.3931501 4.4087607 4.2943707 4.0529552 4.9062430 4.1560468 3.8431684 5.0673126 
Sz217.0           1.8894395 1.9896490 1.8730887 1.8894395 1.8698512 1.8686748 1.8686748 1.7893971 1.8453622 1.9158828 1.8713082 1.8012374 2.0611713 2.0675479 0.0797438 0.7156755 0.7326345 0.7156755 0.0588167 0.0588167 0.7481903 0.0797438 0.7326345 0.0000000 0.1945838 0.3976213 1.4596640 1.4596640 1.3517993 1.4452272 1.4281445 1.3517993 1.4281445 1.5240315 1.5240315 4.0533367 4.1536278 4.1668319 4.0696593 3.8728561 4.5649272 3.9721707 3.6835373 4.6975585 
Sz248.0           1.8884417 1.9942652 1.8709158 1.8884417 1.8677102 1.8664018 1.8664018 1.7822256 1.8418410 1.9164186 1.8692489 1.7952862 2.0697618 2.0767749 0.1427095 0.6319187 0.6100190 0.6319187 0.1661912 0.1661912 0.6658919 0.1427095 0.6100190 0.1945838 0.0000000 0.3135697 1.3625649 1.3625649 1.2606090 1.3527151 1.3336048 1.2606090 1.3336048 1.4283359 1.4283359 4.0623961 4.1660635 4.1796925 4.0794586 3.8767326 4.5934814 3.9782933 3.6829535 4.7313507 
Sz265.0           1.8526141 1.9610926 1.8290867 1.8526141 1.8300518 1.8275509 1.8275509 1.7381630 1.8032951 1.8769400 1.8316251 1.7597284 2.0376272 2.0437070 0.3872613 0.6183217 0.4191575 0.6183217 0.3577587 0.3577587 0.6513559 0.3872613 0.4191575 0.3976213 0.3135697 0.0000000 1.3766555 1.3766555 1.2567734 1.3643502 1.3421831 1.2567734 1.3421831 1.4540584 1.4540584 4.3157972 4.4537354 4.4710457 4.3447459 4.0795634 5.0400644 4.1890025 3.8553863 5.2264604 
Anro_B1.0         2.0936489 2.2369604 2.1366674 2.0936489 2.0936886 2.0936886 2.0936886 2.0009220 2.0487280 2.1530237 2.0896767 1.9940514 2.3239603 2.3417098 1.4932136 1.2863120 1.4324377 1.2863120 1.5624798 1.5624798 1.3082854 1.4932136 1.4324377 1.4596640 1.3625649 1.3766555 0.0000000 0.0000010 0.0600555 0.1041379 0.0389536 0.0600555 0.0389536 0.0809046 0.0809046 4.4204986 4.3310108 4.3463002 4.2341537 4.0005777 5.2444922 4.3643378 3.9245988 4.9866507 
Anro_B2.0         2.0936489 2.2369604 2.1366674 2.0936489 2.0936886 2.0936886 2.0936886 2.0009220 2.0487280 2.1530237 2.0896767 1.9940514 2.3239603 2.3417098 1.4932136 1.2863120 1.4324377 1.2863120 1.5624798 1.5624798 1.3082854 1.4932136 1.4324377 1.4596640 1.3625649 1.3766555 0.0000010 0.0000000 0.0600555 0.1041379 0.0389536 0.0600555 0.0389536 0.0809046 0.0809046 4.4204986 4.3310108 4.3463002 4.2341537 4.0005777 5.2444922 4.3643378 3.9245988 4.9866507 
DenisAT3.0        1.8829471 1.9981545 1.8571181 1.8829471 1.9552895 1.9566553 1.9566553 1.8708153 1.8352283 1.9108417 1.9570280 1.8780900 2.0822174 2.0904900 1.3881228 1.0759768 1.3196893 1.0759768 1.4482710 1.4482710 1.1016714 1.3881228 1.3196893 1.3517993 1.2606090 1.2567734 0.0600555 0.0600555 0.0000000 0.0386090 0.0191436 0.0000010 0.0191436 0.0595759 0.0595759 4.1054967 4.0379867 4.0503715 3.9592959 3.7802519 4.6828884 4.0825960 3.7049345 4.5386034 
DenisJT1.0        1.9644129 2.0867789 1.9639906 1.9644129 2.0443825 2.0485894 2.0485894 1.9612691 1.9188642 2.0029947 2.0461553 1.9589078 2.1696736 2.1809319 1.4778601 1.1758736 1.4184816 1.1758736 1.5429696 1.5429696 1.1994717 1.4778601 1.4184816 1.4452272 1.3527151 1.3643502 0.1041379 0.1041379 0.0386090 0.0000000 0.0595759 0.0386090 0.0595759 0.1032403 0.1032403 4.2145184 4.1412864 4.1543628 4.0581160 3.8636204 4.8491384 4.1814890 3.7893717 4.6783154 
DenisNF13.0       1.9619741 2.0876080 1.9607525 1.9619741 2.0483078 2.0483078 2.0483078 1.9584648 1.9151628 2.0013601 2.0458124 1.9563485 2.1728829 2.1845933 1.4622731 1.1504393 1.3996602 1.1504393 1.5281993 1.5281993 1.1751984 1.4622731 1.3996602 1.4281445 1.3336048 1.3421831 0.0389536 0.0389536 0.0191436 0.0595759 0.0000000 0.0191436 0.0000010 0.0386562 0.0386562 4.2960278 4.2160225 4.2300429 4.1269612 3.9161690 5.0068539 4.2539820 3.8406268 4.8025008 
DenisNF155.0      1.8829471 1.9981545 1.8571181 1.8829471 1.9552895 1.9566553 1.9566553 1.8708153 1.8352283 1.9108417 1.9570280 1.8780900 2.0822174 2.0904900 1.3881228 1.0759768 1.3196893 1.0759768 1.4482710 1.4482710 1.1016714 1.3881228 1.3196893 1.3517993 1.2606090 1.2567734 0.0600555 0.0600555 0.0000010 0.0386090 0.0191436 0.0000000 0.0191436 0.0595759 0.0595759 4.1054967 4.0379867 4.0503715 3.9592959 3.7802519 4.6828884 4.0825960 3.7049345 4.5386034 
DenisNoni60.0     1.9619741 2.0876080 1.9607525 1.9619741 2.0483078 2.0483078 2.0483078 1.9584648 1.9151628 2.0013601 2.0458124 1.9563485 2.1728829 2.1845933 1.4622731 1.1504393 1.3996602 1.1504393 1.5281993 1.5281993 1.1751984 1.4622731 1.3996602 1.4281445 1.3336048 1.3421831 0.0389536 0.0389536 0.0191436 0.0595759 0.0000010 0.0191436 0.0000000 0.0386562 0.0386562 4.2960278 4.2160225 4.2300429 4.1269612 3.9161690 5.0068539 4.2539820 3.8406268 4.8025008 
PNF10.0           2.0446734 2.1778213 2.0700051 2.0446734 2.1419199 2.1419199 2.1419199 2.0504638 2.0000874 2.0951252 2.1364866 2.0383743 2.2619792 2.2768109 1.5541347 1.2550952 1.5014373 1.2550952 1.6252147 1.6252147 1.2772352 1.5541347 1.5014373 1.5240315 1.4283359 1.4540584 0.0809046 0.0809046 0.0595759 0.1032403 0.0386562 0.0595759 0.0386562 0.0000000 0.0000010 4.4189456 4.3312666 4.3462589 4.2362201 4.0061454 5.2180179 4.3639667 3.9315813 4.9708275 
PNF11.0           2.0446734 2.1778213 2.0700051 2.0446734 2.1419199 2.1419199 2.1419199 2.0504638 2.0000874 2.0951252 2.1364866 2.0383743 2.2619792 2.2768109 1.5541347 1.2550952 1.5014373 1.2550952 1.6252147 1.6252147 1.2772352 1.5541347 1.5014373 1.5240315 1.4283359 1.4540584 0.0809046 0.0809046 0.0595759 0.1032403 0.0386562 0.0595759 0.0386562 0.0000010 0.0000000 4.4189456 4.3312666 4.3462589 4.2362201 4.0061454 5.2180179 4.3639667 3.9315813 4.9708275 
1_19.0            5.5143367 5.7186613 8.9999989 5.5143367 6.4742543 7.3175447 7.3175447 7.6953663 5.5481364 8.9999984 6.4573788 5.2569939 6.0036198 6.5195769 4.1535011 3.7179313 4.2691977 3.7179313 4.2347152 4.2347152 3.6547036 4.1535011 4.2691977 4.0533367 4.0623961 4.3157972 4.4204986 4.4204986 4.1054967 4.2145184 4.2960278 4.1054967 4.2960278 4.4189456 4.4189456 0.0000000 0.2940300 0.3023343 0.2212195 0.4746279 0.1967951 0.7915177 0.4903040 0.4018947 
1_5.0             5.3116266 5.4861123 7.4734167 5.3116266 6.0426343 6.5545620 6.5545620 6.7118628 5.3364997 8.9999984 6.0319227 5.0897534 5.7177803 6.0971612 4.2627100 3.7942124 4.3931501 3.7942124 4.3529331 4.3529331 3.7243932 4.2627100 4.3931501 4.1536278 4.1660635 4.4537354 4.3310108 4.3310108 4.0379867 4.1412864 4.2160225 4.0379867 4.2160225 4.3312666 4.3312666 0.2940300 0.0000000 0.3942936 0.1954748 0.3851683 0.2161204 1.0919969 0.2733015 0.2505008 
1_6.0             5.3420235 5.5204387 7.6930122 5.3420235 6.1015977 6.6477040 6.6477040 6.8236474 5.3681087 8.9999986 6.0901756 4.9469294 5.7589966 6.1550156 4.2767521 3.8054926 4.4087607 3.8054926 4.3678989 4.3678989 3.7349994 4.2767521 4.4087607 4.1668319 4.1796925 4.4710457 4.3463002 4.3463002 4.0503715 4.1543628 4.2300429 4.0503715 4.2300429 4.3462589 4.3462589 0.3023343 0.3942936 0.0000000 0.3065037 0.4411427 0.2795066 1.0611673 0.7753799 0.3657765 
1_7.0             5.1314823 5.2861213 6.6325058 5.1314823 5.7257471 6.0974542 6.0974542 6.1859556 5.1499352 8.9999989 5.7181955 4.9344449 5.4839140 5.7860276 4.1734882 3.7232805 4.2943707 3.7232805 4.2580621 4.2580621 3.6579815 4.1734882 4.2943707 4.0696593 4.0794586 4.3447459 4.2341537 4.2341537 3.9592959 4.0581160 4.1269612 3.9592959 4.1269612 4.2362201 4.2362201 0.2212195 0.1954748 0.3065037 0.0000000 0.1904524 0.3067624 1.0030176 0.5622581 0.4127236 
2_11.0            4.6779029 4.7875714 5.3805717 4.6779029 5.0151559 5.1906068 5.1906068 5.2025568 4.6834442 5.9987662 5.0124013 4.4412243 4.9155325 5.0807653 3.9593118 3.5753708 4.0529552 3.5753708 4.0269697 4.0269697 3.5228366 3.9593118 4.0529552 3.8728561 3.8767326 4.0795634 4.0005777 4.0005777 3.7802519 3.8636204 3.9161690 3.7802519 3.9161690 4.0061454 4.0061454 0.4746279 0.3851683 0.4411427 0.1904524 0.0000000 0.4527752 1.0902683 0.8267927 0.7440604 
2_14.0            8.9999981 8.9999987 8.9999987 8.9999981 8.9999989 8.9999983 8.9999983 8.9999983 8.9999983 8.9999987 8.9999989 8.1228474 8.9999983 8.9999982 4.7096567 4.1198597 4.9062430 4.1198597 4.8390056 4.8390056 4.0239379 4.7096567 4.9062430 4.5649272 4.5934814 5.0400644 5.2444922 5.2444922 4.6828884 4.8491384 5.0068539 4.6828884 5.0068539 5.2180179 5.2180179 0.1967951 0.2161204 0.2795066 0.3067624 0.4527752 0.0000000 1.1280201 0.4507177 0.3037878 
2_6.0             5.1066183 5.4472307 7.0240661 5.1066183 5.9374932 6.3620528 6.3620528 6.0021062 5.1229152 8.7242346 5.9285250 4.7921725 5.6574536 5.9906587 4.0591171 3.6761606 4.1560468 3.6761606 4.1282007 4.1282007 3.6209622 4.0591171 4.1560468 3.9721707 3.9782933 4.1890025 4.3643378 4.3643378 4.0825960 4.1814890 4.2539820 4.0825960 4.2539820 4.3639667 4.3639667 0.7915177 1.0919969 1.0611673 1.0030176 1.0902683 1.1280201 0.0000000 1.0264799 1.5615926 
2_8.0             4.6051007 4.7156415 5.2926217 4.6051007 4.9360974 5.1082010 5.1082010 5.1164617 4.6093146 5.8959181 4.9335513 4.4667078 4.8433787 5.0058324 3.7628217 3.4040985 3.8431684 3.4040985 3.8227792 3.8227792 3.3594068 3.7628217 3.8431684 3.6835373 3.6829535 3.8553863 3.9245988 3.9245988 3.7049345 3.7893717 3.8406268 3.7049345 3.8406268 3.9315813 3.9315813 0.4903040 0.2733015 0.7753799 0.5622581 0.8267927 0.4507177 1.0264799 0.0000000 0.6567974 
3_16.0            7.2595543 8.2138671 8.9999982 7.2595543 8.9999980 8.9999985 8.9999985 8.9999987 7.4787437 8.9999981 8.9999990 6.4804664 8.9999982 8.9999987 4.8512966 4.4376278 5.0673126 4.4376278 4.9916836 4.9916836 4.3148290 4.8512966 5.0673126 4.6975585 4.7313507 5.2264604 4.9866507 4.9866507 4.5386034 4.6783154 4.8025008 4.5386034 4.8025008 4.9708275 4.9708275 0.4018947 0.2505008 0.3657765 0.4127236 0.7440604 0.3037878 1.5615926 0.6567974 0.0000000 
